[gd_scene format=3 uid="uid://crist72nmy8mh"]

[ext_resource type="Script" uid="uid://3oqbsn46punr" path="res://structure/cameras.gd" id="1_oh38i"]

[node name="LevelDefaults" type="Node3D" unique_id=102674357]

[node name="Cameras" type="Node3D" parent="." unique_id=1589212625]
script = ExtResource("1_oh38i")

[node name="Main" type="Camera3D" parent="Cameras" unique_id=1263299985]
transform = Transform3D(1, 0, 0, 0, 0.49999997, 0.86602545, 0, -0.86602545, 0.49999997, 0, 50, 30)
projection = 1
size = 21.0
metadata/_edit_lock_ = true

[node name="MainPerspective" type="Camera3D" parent="Cameras" unique_id=2034516690]
transform = Transform3D(1, 0, 0, 0, 0.49999997, 0.86602545, 0, -0.86602545, 0.49999997, 0, 50, 30)
size = 21.0
metadata/_edit_lock_ = true

[node name="Side" type="Camera3D" parent="Cameras" unique_id=785180333]
transform = Transform3D(1, 2.912931e-08, 2.0975897e-08, -3.2730313e-08, 0.97987247, 0.19962454, -1.4738779e-08, -0.19962454, 0.97987247, -3.8110466, 12.622154, 29.537552)
current = true
size = 20.0

[node name="DirectionalLight3D" type="DirectionalLight3D" parent="." unique_id=279872057]
transform = Transform3D(-0.930918, 0.25015774, 0.2661071, 0.13393062, -0.44403097, 0.88594544, 0.3397858, 0.8603823, 0.3798526, -6.485216, 39.41879, -26.31172)
